Index 0
k = 3
t = -195.0 -195.0 -195.0 -195.0 -5.0 -5.0 -5.0 -5.0
c = 1.0060970555051174 0.9971822641320536 1.0221602458875312 1.0306038836939833 0.0 0.0 0.0 0.0

Index 1
k = 3
t = -195.0 -195.0 -195.0 -195.0 -5.0 -5.0 -5.0 -5.0
c = 0.9727871494891993 0.9819258938940707 0.9713598374339029 0.998550289530703 0.0 0.0 0.0 0.0

Index 2
k = 3
t = -195.0 -195.0 -195.0 -195.0 -5.0 -5.0 -5.0 -5.0
c = 0.9770578796377224 0.9528159880378436 0.9639965372593544 0.9757589304964415 0.0 0.0 0.0 0.0

Index 3
k = 3
t = 5.0 5.0 5.0 5.0 195.0 195.0 195.0 195.0
c = 1.0324957334037166 1.0093311119866186 1.0231210608275956 1.0014337646269984 0.0 0.0 0.0 0.0

Index 4
k = 3
t = 5.0 5.0 5.0 5.0 195.0 195.0 195.0 195.0
c = 1.0002629779695558 0.9753037820561563 0.9813030165492338 0.9661006230451353 0.0 0.0 0.0 0.0

Index 5
k = 3
t = 5.0 5.0 5.0 5.0 195.0 195.0 195.0 195.0
c = 0.9746242144650351 0.948960396242044 0.9946622038007537 0.9743090111434201 0.0 0.0 0.0 0.0

Index 0
k = 3
t = -195.0 -195.0 -195.0 -195.0 -5.0 -5.0 -5.0 -5.0
c = 1.0165814459087512 1.0260531691053218 0.9777341782009654 0.9972127589573915 0.0 0.0 0.0 0.0

Index 1
k = 3
t = -195.0 -195.0 -195.0 -195.0 -5.0 -5.0 -5.0 -5.0
c = 1.0069838203798898 1.0215035640482775 1.0204378226330737 1.0029422110058903 0.0 0.0 0.0 0.0

Index 2
k = 3
t = -195.0 -195.0 -195.0 -195.0 -5.0 -5.0 -5.0 -5.0
c = 0.9269950735959992 1.0951714330181255 0.9866905497191382 1.0006610124183877 0.0 0.0 0.0 0.0

Index 3
k = 3
t = 5.0 5.0 5.0 5.0 195.0 195.0 195.0 195.0
c = 0.9989570235130605 1.008822963143276 1.0365269058758908 0.9976264605104941 0.0 0.0 0.0 0.0

Index 4
k = 3
t = 5.0 5.0 5.0 5.0 195.0 195.0 195.0 195.0
c = 0.9996413626222329 1.001112544133917 0.9924452391710014 1.0241127167915751 0.0 0.0 0.0 0.0

Index 5
k = 3
t = 5.0 5.0 5.0 5.0 195.0 195.0 195.0 195.0
c = 0.9978033575001358 0.9983048036113716 1.0241068689511992 1.023372686497054 0.0 0.0 0.0 0.0

